K <- 10
V <- 516
M <- 5
N <- 1097

alpha <- c(0.1525477268836902, 0.04398208961192217, 0.015031682621831305, 0.220150985854987, 0.2603149081744348, 0.10052611704512635, 0.020883060535786844, 0.01543329396089042, 0.0028141993871067237, 0.16831593592422422)

beta <- c(0.0001286519098028737, 0.00463938525128483, 0.0008736096855664075, 0.00010940937428593311, 0.0006414194658597522, 0.0010618636300270981, 0.0016366415048963447, 0.004570606688776243, 0.00041074428534403036, 0.0022753868107976078, 2.143061991143849e-05, 0.0033359769781424807, 0.002141861959294711, 0.0024124774853818425, 0.000175874282857984, 0.0021373141058253953, 0.0011500167079545479, 0.0027168438300250617, 0.0006904031393070517, 0.0016831550698853002, 0.00033318073596933314, 0.0005143139924787039, 0.0020386483239557152, 5.940832358279021e-05, 0.0011381886536141626, 0.0002581199155311555, 0.0017759161929782137, 0.0009251477681999436, 0.0020070968792238785, 0.0063404554411485205, 0.0007365240150033999, 0.0019366422824784735, 0.0003160026681615503, 0.0011459073369132205, 0.0010912421294066133, 0.0030201949795131897, 0.0014153475044141044, 0.007124854248426144, 0.0004926541914477056, 0.0029614061215585577, 0.0024189010319348825, 0.0027061640022884776, 7.668674827488443e-05, 0.0018010381197840642, 0.0029441188992589363, 0.00011803392903568536, 0.0018064730656625928, 0.002039452103593623, 0.0013196584770388436, 0.000829932726322076, 0.0015875431740994912, 0.0033195999659034097, 0.0018768344986357308, 0.0011041397112392356, 0.004315120950156787, 0.0034063714163210194, 0.006831607719331388, 0.00032474318305968905, 0.008207910055472457, 0.0019684315170016443, 0.0013737372816298335, 0.0019155479764979165, 0.0024969576756634334, 0.003392012648186971, 0.00010636216790615055, 0.0002262196823951011, 0.00574440630866456, 0.0008961758312598073, 0.0010692907405320479, 0.0014513260811878643, 0.0007415609568137683, 0.00046801429377422695, 0.0017766625811489222, 0.0017959100594664244, 4.934666370279976e-05, 0.008179655416064326, 0.0007198189690709792, 0.00026796952564280495, 0.0033572009733409828, 0.00019569587238639467, 0.0020437219848551936, 0.0028907041990467947, 0.0005049788734019138, 0.0027131687756456013, 0.004086705472526318, 0.001282117025470299, 0.0010327790876100988, 0.0003931654107990864, 0.0009107787529939085, 0.00436327385390748, 0.00420044942976438, 3.198467630943823e-05, 0.0009395530406033632, 0.0019431426173366925, 0.0008720616404182964, 0.0039333868448618555, 0.0021551369862768577, 0.0017517671785128685, 0.0021440431890213992, 0.007713349784309056, 0.000567750707599401, 0.007426589667725041, 0.0021842568779347894, 0.00022574789066477142, 0.0005827365056591781, 0.0024535684239547755, 0.0028760639731683, 0.0010786436585618028, 0.001613764974665888, 0.0008686272378509904, 0.0011902935077942442, 0.0005460394321966267, 0.001144727308712913, 0.003707458727307426, 0.000691125107478556, 0.0005209252352820315, 0.0004892564781489966, 0.005607670556690507, 0.002309379456243358, 0.0006254558986818664, 0.0007962178298106874, 0.0009439370692568971, 0.0023495668783434244, 0.0013555761545319266, 0.0028820071201098706, 0.0029617232376344883, 0.0009722800259875618, 0.00015093756456095565, 0.004739613823692215, 7.146741906240739e-05, 0.0016241121128612527, 0.003694397841642169, 0.0009581497145132021, 0.00017674048882044464, 0.013208545322848804, 0.004247901268099642, 0.002990324486446125, 0.0012322043678989632, 0.004263507933062306, 0.00876769502548286, 0.0007963470492686314, 0.003606182083632434, 4.851421623105414e-05, 0.00016619491643686887, 0.0023996189794408874, 0.0010351039484907767, 7.385094046239585e-05, 5.0160228300346226e-05, 0.003881152405230332, 0.0004157740683281776, 0.009482771532038406, 0.001206692340437863, 0.003151938793689229, 0.006384277043637035, 0.0026928585467067673, 0.0066504647057012535, 0.006563470163910032, 0.0026534317391499786, 0.004358753291184453, 0.001927647079803015, 0.0011532783790478122, 0.0007985087111767974, 0.0014248911941965891, 0.00018643879584732655, 0.0022292370003331773, 0.0017018277406529708, 0.0019407697817015194, 0.0015917741437684377, 0.003681300971755144, 0.003725835246714863, 0.0006882482746321812, 0.002310675385941776, 0.0005528695550559288, 0.00011136226557762885, 0.0011331014937522668, 0.0010400126232963055, 0.0012768089153787426, 0.000603733457580247, 0.0005211524083355848, 0.0029273851258201965, 0.0005709814146966511, 0.0013142291238157887, 0.003835955510793765, 0.003030617341756581, 0.00046114915310074893, 0.0016320070729938941, 0.0004772386895543362, 0.0019722640113326037, 0.00029485032733417434, 0.0021150923626912775, 0.0002497224883843068, 0.00076900687931471, 0.0021004780789556947, 0.000954565791840915, 0.0025904572319112576, 0.008578767545332775, 0.0008161605786044247, 0.0017280436779180143, 0.000245642057215464, 0.015074603328255061, 0.00039695542542631836, 0.00013125030437111777, 0.00038883673723901, 0.0060774874363347655, 0.0019341718435740836, 0.0004665201023770276, 0.0007491488923143513, 0.00013324809896772882, 0.0006757394388921126, 0.0007426063805259414, 0.004095663659950451, 0.0007207100777720868, 0.004116994375683033, 0.0003848065505204965, 0.001355944133607753, 0.0014673460027894046, 0.0006746896098780853, 0.0009854496384047679, 0.0011338809975560752, 0.002151169750250735, 0.0017435815705960905, 0.0004642072059386869, 0.00165168193211103, 0.0014076770776704816, 0.0020207456506574264, 0.0010047601314030375, 0.0030110817690582824, 4.534021897831127e-05, 0.0013853127407704338, 0.0009041308592597032, 0.0009600866627257591, 0.0023624630463992234, 0.001873276045670826, 0.0009781272198482332, 0.00045349971164401455, 0.003933798724518559, 0.005032751464879783, 0.0021231657898913253, 0.005169436889304845, 0.0004139277659231485, 0.002050136842866145, 0.00020682323180694386, 0.002638003333574791, 0.0022644449552369768, 0.0007728955233674108, 0.0012144604524492732, 0.0007280093636981248, 0.0004111131203075206, 0.0015289627658529434, 0.002093134974618462, 0.00039455019874450053, 0.00707735597740118, 0.0013884385003373214, 0.00020062863907122433, 0.0025974495285952326, 0.0030823638321061373, 0.0001908593674599214, 0.0003200000210996504, 0.00028076268526499855, 0.0017276199487569666, 0.00032331508434363924, 0.000444265887750455, 0.0019627248339577617, 0.004652281394214451, 0.003423362971395722, 0.0013749886326583827, 0.000814107872974815, 0.0006916233649619203, 0.0008185360047692021, 0.0004657984398982055, 0.0020812818596400713, 0.0005923913999784911, 0.00013807112514143102, 0.0006276594782594614, 1.8907793211492458e-05, 0.0016849425453789634, 0.003207415145540293, 0.003615657923760425, 0.00531458584899762, 0.0025965339736320594, 0.005424716985358341, 0.0020902652456574545, 0.002808208637063679, 0.0004192746558751642, 0.0007378521250885393, 0.0026593352417920665, 0.0009285459818974063, 0.0015830130213199804, 0.002251685771488756, 8.891561914386505e-05, 0.0002446187098631346, 0.0027381289462130687, 0.005065231351860508, 0.0014870384036849884, 0.00203631491672247, 0.0018187328624257582, 0.013318383592061746, 1.17980522507963e-05, 0.0024055194562604015, 0.014391398436366037, 1.7358580850041983e-05, 0.001007843757071495, 0.0023886863563751474, 1.0868414503089502e-05, 3.902482485246355e-05, 0.0013607849150018261, 0.00019874497480980362, 0.003075149811730744, 0.00021016563430979371, 0.001518759079726994, 0.0012648188509148096, 0.00038533620488189033, 9.839103427563889e-05, 0.0013439031965817884, 0.0012506337305497515, 0.0017014709008335703, 0.002591883600311179, 0.00040255859916363805, 0.0001224819925267104, 0.0020261411662430727, 0.001182488188029306, 0.002987691545176327, 0.0002096487108405958, 0.0017832429655823042, 0.0014545170092513237, 0.002096653157839226, 0.0003504825688135674, 0.002558920992973756, 0.0006519983872628705, 0.0018300294357376835, 0.0008163737492823212, 0.0012085295785235946, 0.0021840742544331814, 0.0014290720663565394, 0.00010715428681809537, 0.00012911201205865902, 0.0005976739876766628, 0.002473682927957016, 0.0005937742370397446, 