40
Ramphotyphlops_australis                                          0.000e+00 1.488e-01 2.053e-01 7.527e-02 4.486e-01 3.255e-01 1.551e-01 1.540e-01 4.090e-02 1.338e-01 2.131e-01 2.200e-01 5.232e-02 9.531e-02 1.905e-01 9.777e-02 8.086e-02 1.516e-01 2.241e-01 1.369e-01 4.992e-01 5.704e-01 5.204e-01 4.858e-01 2.605e-01 1.553e-01 1.549e-01 1.536e-01 9.419e-02 1.101e-01 2.510e-01 1.482e-01 1.499e-01 1.184e-01 1.014e-01 9.730e-02 1.288e-01 1.643e-01 1.576e-01 1.999e-01 
Diplometopon_zarudnyi                                             1.488e-01 0.000e+00 1.329e-01 8.366e-02 1.975e-01 3.850e-01 1.596e-01 6.411e-02 2.058e-01 7.627e-02 2.360e-01 2.533e-01 1.011e-01 2.421e-02 1.374e-01 1.435e-01 1.195e-01 1.683e-01 2.693e-01 1.617e-01 4.460e-01 6.234e-01 5.658e-01 4.593e-01 1.842e-01 9.290e-02 6.434e-02 6.930e-02 1.371e-01 7.905e-02 1.571e-01 1.593e-01 1.391e-01 1.052e-01 5.732e-02 1.199e-01 1.843e-01 4.938e-02 1.587e-01 2.091e-01 
Boa_constrictor                                                   2.053e-01 1.329e-01 0.000e+00 6.802e-02 3.394e-01 3.307e-01 3.895e-01 2.558e-01 2.060e-01 1.624e-01 1.154e-01 1.225e-01 1.105e-01 1.095e-01 6.379e-02 1.100e-01 1.769e-01 2.191e-01 3.275e-01 1.759e-01 6.053e-01 7.037e-01 7.290e-01 6.035e-01 1.475e-01 1.262e-01 6.148e-02 2.215e-01 6.680e-02 8.950e-02 1.119e-01 1.805e-01 2.047e-01 9.352e-02 2.273e-01 1.368e-01 1.252e-01 1.201e-01 5.080e-02 1.439e-01 
Alligator_mississippiensis                                        7.527e-02 8.366e-02 6.802e-02 0.000e+00 2.994e-01 2.087e-01 2.265e-01 1.739e-01 9.137e-02 1.303e-01 1.010e-01 9.857e-02 4.814e-02 5.046e-02 7.227e-02 5.811e-02 6.104e-02 1.513e-01 1.915e-01 9.150e-02 4.818e-01 5.521e-01 5.625e-01 5.043e-01 1.495e-01 6.311e-02 6.120e-02 1.064e-01 2.124e-02 8.900e-02 1.065e-01 8.618e-02 8.193e-02 4.718e-02 1.000e-01 3.010e-02 9.431e-02 1.087e-01 6.026e-02 9.174e-02 
Agkistrodon_piscivorus                                            4.486e-01 1.975e-01 3.394e-01 2.994e-01 0.000e+00 4.456e-01 3.276e-01 2.336e-01 4.641e-01 2.424e-01 3.714e-01 3.636e-01 3.556e-01 2.252e-01 2.620e-01 2.835e-01 2.256e-01 2.240e-01 2.578e-01 2.543e-01 2.485e-01 5.243e-01 4.644e-01 3.943e-01 3.413e-01 2.516e-01 1.885e-01 1.305e-01 3.982e-01 2.883e-01 2.189e-01 2.205e-01 2.025e-01 2.012e-01 2.300e-01 2.637e-01 4.856e-01 1.918e-01 3.340e-01 2.700e-01 
Geocalamus_acutus                                                 3.255e-01 3.850e-01 3.307e-01 2.087e-01 4.456e-01 0.000e+00 4.764e-01 4.632e-01 2.400e-01 5.088e-01 1.935e-01 2.129e-01 2.663e-01 3.168e-01 1.776e-01 2.671e-01 2.216e-01 4.204e-01 1.819e-01 1.675e-01 5.443e-01 4.036e-01 5.341e-01 6.106e-01 3.080e-01 1.856e-01 3.488e-01 2.901e-01 2.168e-01 4.233e-01 1.693e-01 1.547e-01 2.076e-01 2.568e-01 3.071e-01 1.262e-01 2.021e-01 4.338e-01 2.989e-01 1.577e-01 
Teratoscincus_keyserlingii                                        1.551e-01 1.596e-01 3.895e-01 2.265e-01 3.276e-01 4.764e-01 0.000e+00 1.525e-01 2.508e-01 1.839e-01 4.774e-01 4.612e-01 2.263e-01 1.673e-01 3.496e-01 2.153e-01 1.842e-01 1.758e-01 3.392e-01 2.616e-01 4.164e-01 6.024e-01 4.221e-01 4.304e-01 4.019e-01 2.871e-01 2.294e-01 1.223e-01 3.190e-01 2.393e-01 3.755e-01 1.874e-01 1.841e-01 2.314e-01 1.260e-01 2.054e-01 3.445e-01 2.134e-01 3.971e-01 3.617e-01 
Varanus_komodensis                                                1.540e-01 6.411e-02 2.558e-01 1.739e-01 2.336e-01 4.632e-01 1.525e-01 0.000e+00 2.282e-01 1.350e-01 3.388e-01 3.923e-01 1.635e-01 7.576e-02 2.220e-01 2.244e-01 1.314e-01 2.178e-01 2.675e-01 2.014e-01 4.096e-01 6.370e-01 5.548e-01 4.162e-01 3.383e-01 1.542e-01 1.579e-01 1.234e-01 2.267e-01 1.248e-01 2.160e-01 2.356e-01 2.328e-01 1.513e-01 6.336e-02 2.025e-01 2.628e-01 1.313e-01 2.725e-01 3.277e-01 
Anolis_carolinensis                                               4.090e-02 2.058e-01 2.060e-01 9.137e-02 4.641e-01 2.400e-01 2.508e-01 2.282e-01 0.000e+00 1.741e-01 1.276e-01 1.354e-01 4.008e-02 1.380e-01 1.343e-01 8.219e-02 8.876e-02 1.531e-01 1.592e-01 8.675e-02 4.817e-01 4.777e-01 4.827e-01 4.756e-01 2.013e-01 1.431e-01 1.826e-01 1.758e-01 9.770e-02 1.247e-01 2.050e-01 1.178e-01 1.541e-01 1.320e-01 1.441e-01 7.959e-02 8.153e-02 1.801e-01 1.234e-01 1.209e-01 
Amphisbaena_schmidti                                              1.338e-01 7.627e-02 1.624e-01 1.303e-01 2.424e-01 5.088e-01 1.839e-01 1.350e-01 1.741e-01 0.000e+00 2.395e-01 2.301e-01 9.378e-02 7.688e-02 1.829e-01 9.536e-02 1.248e-01 5.973e-02 2.700e-01 1.624e-01 3.857e-01 5.809e-01 4.938e-01 4.092e-01 1.870e-01 1.876e-01 6.215e-02 1.019e-01 1.793e-01 3.556e-02 2.526e-01 1.709e-01 1.596e-01 1.021e-01 1.232e-01 1.660e-01 2.348e-01 2.307e-02 1.271e-01 1.963e-01 
Leptotyphlops_dulcis                                              2.131e-01 2.360e-01 1.154e-01 1.010e-01 3.714e-01 1.935e-01 4.774e-01 3.388e-01 1.276e-01 2.395e-01 0.000e+00 3.409e-02 1.040e-01 1.703e-01 4.990e-02 1.153e-01 1.285e-01 2.240e-01 1.536e-01 8.221e-02 4.649e-01 4.545e-01 5.490e-01 4.976e-01 1.182e-01 9.471e-02 1.456e-01 2.087e-01 7.891e-02 1.671e-01 9.494e-02 1.437e-01 1.880e-01 1.028e-01 2.192e-01 9.940e-02 1.235e-01 1.833e-01 4.384e-02 4.884e-02 
Chelonia_mydas                                                    2.200e-01 2.533e-01 1.225e-01 9.857e-02 3.636e-01 2.129e-01 4.612e-01 3.923e-01 1.354e-01 2.301e-01 3.409e-02 0.000e+00 1.252e-01 2.062e-01 8.305e-02 8.448e-02 1.409e-01 1.846e-01 1.731e-01 1.108e-01 4.846e-01 4.804e-01 5.534e-01 5.238e-01 1.361e-01 1.402e-01 1.559e-01 2.110e-01 9.942e-02 1.700e-01 1.387e-01 1.333e-01 1.361e-01 1.241e-01 2.567e-01 9.886e-02 1.581e-01 1.900e-01 4.819e-02 3.230e-02 
Eumeces_egregius                                                  5.232e-02 1.011e-01 1.105e-01 4.814e-02 3.556e-01 2.663e-01 2.263e-01 1.635e-01 4.008e-02 9.378e-02 1.040e-01 1.252e-01 0.000e+00 4.812e-02 7.451e-02 6.537e-02 8.636e-02 1.337e-01 1.906e-01 7.239e-02 4.569e-01 5.065e-01 5.043e-01 4.554e-01 1.035e-01 8.695e-02 7.594e-02 1.126e-01 5.884e-02 6.634e-02 1.480e-01 9.205e-02 1.334e-01 8.280e-02 9.151e-02 5.445e-02 5.083e-02 7.805e-02 6.661e-02 9.741e-02 
Sceloporus_occidentalis                                           9.531e-02 2.421e-02 1.095e-01 5.046e-02 2.252e-01 3.168e-01 1.673e-01 7.576e-02 1.380e-01 7.688e-02 1.703e-01 2.062e-01 4.812e-02 0.000e+00 9.426e-02 1.152e-01 8.747e-02 1.517e-01 2.260e-01 1.112e-01 4.271e-01 5.770e-01 5.433e-01 4.585e-01 1.440e-01 7.483e-02 3.791e-02 6.580e-02 9.034e-02 7.703e-02 1.181e-01 1.071e-01 1.353e-01 6.774e-02 4.670e-02 7.106e-02 1.281e-01 5.216e-02 1.084e-01 1.544e-01 
Dinodon_semicarinatus                                             1.905e-01 1.374e-01 6.379e-02 7.227e-02 2.620e-01 1.776e-01 3.496e-01 2.220e-01 1.343e-01 1.829e-01 4.990e-02 8.305e-02 7.451e-02 9.426e-02 0.000e+00 9.395e-02 1.170e-01 1.853e-01 1.740e-01 6.303e-02 4.387e-01 4.823e-01 5.368e-01 4.664e-01 8.666e-02 6.298e-02 7.736e-02 1.450e-01 7.938e-02 1.162e-01 3.414e-02 8.196e-02 1.597e-01 7.582e-02 1.537e-01 6.393e-02 7.410e-02 1.192e-01 5.884e-02 5.259e-02 
Tropidophis                                                       9.777e-02 1.435e-01 1.100e-01 5.811e-02 2.835e-01 2.671e-01 2.153e-01 2.244e-01 8.219e-02 9.536e-02 1.153e-01 8.448e-02 6.537e-02 1.152e-01 9.395e-02 0.000e+00 5.696e-02 5.443e-02 1.553e-01 6.894e-02 3.566e-01 4.272e-01 3.949e-01 3.596e-01 1.426e-01 1.105e-01 7.816e-02 1.018e-01 7.976e-02 6.414e-02 1.750e-01 7.627e-02 6.146e-02 4.663e-02 1.396e-01 6.568e-02 1.318e-01 8.957e-02 7.724e-02 7.573e-02 
Iguana_iguana                                                     8.086e-02 1.195e-01 1.769e-01 6.104e-02 2.256e-01 2.216e-01 1.842e-01 1.314e-01 8.876e-02 1.248e-01 1.285e-01 1.409e-01 8.636e-02 8.747e-02 1.170e-01 5.696e-02 0.000e+00 9.319e-02 6.756e-02 4.802e-02 2.803e-01 3.692e-01 3.540e-01 3.141e-01 2.161e-01 6.794e-02 1.100e-01 6.353e-02 8.845e-02 9.596e-02 1.409e-01 9.188e-02 6.067e-02 3.395e-02 6.320e-02 5.828e-02 1.761e-01 1.234e-01 1.198e-01 1.104e-01 
Xenagama_unicolor                                                 1.516e-01 1.683e-01 2.191e-01 1.513e-01 2.240e-01 4.204e-01 1.758e-01 2.178e-01 1.531e-01 5.973e-02 2.240e-01 1.846e-01 1.337e-01 1.517e-01 1.853e-01 5.443e-02 9.319e-02 0.000e+00 1.813e-01 1.200e-01 2.799e-01 4.414e-01 3.527e-01 3.314e-01 2.150e-01 2.123e-01 1.080e-01 1.031e-01 2.119e-01 8.785e-02 2.490e-01 1.138e-01 1.124e-01 9.739e-02 1.638e-01 1.423e-01 2.716e-01 9.079e-02 1.498e-01 1.385e-01 
Lacerta_viridis                                                   2.241e-01 2.693e-01 3.275e-01 1.915e-01 2.578e-01 1.819e-01 3.392e-01 2.675e-01 1.592e-01 2.700e-01 1.536e-01 1.731e-01 1.906e-01 2.260e-01 1.740e-01 1.553e-01 6.756e-02 1.813e-01 0.000e+00 5.616e-02 2.018e-01 1.989e-01 2.462e-01 2.548e-01 2.604e-01 1.259e-01 2.547e-01 1.353e-01 2.103e-01 2.296e-01 1.877e-01 1.510e-01 1.263e-01 1.438e-01 1.514e-01 1.300e-01 2.580e-01 2.536e-01 2.109e-01 1.227e-01 
Cylindrophis_ruffus                                               1.369e-01 1.617e-01 1.759e-01 9.150e-02 2.543e-01 1.675e-01 2.616e-01 2.014e-01 8.675e-02 1.624e-01 8.221e-02 1.108e-01 7.239e-02 1.112e-01 6.303e-02 6.894e-02 4.802e-02 1.200e-01 5.616e-02 0.000e+00 2.362e-01 2.469e-01 2.829e-01 2.572e-01 1.049e-01 5.619e-02 1.186e-01 8.310e-02 9.856e-02 1.259e-01 1.173e-01 6.826e-02 1.059e-01 6.529e-02 8.880e-02 4.937e-02 1.081e-01 1.343e-01 1.031e-01 5.422e-02 
Python_regius                                                     4.992e-01 4.460e-01 6.053e-01 4.818e-01 2.485e-01 5.443e-01 4.164e-01 4.096e-01 4.817e-01 3.857e-01 4.649e-01 4.846e-01 4.569e-01 4.271e-01 4.387e-01 3.566e-01 2.803e-01 2.799e-01 2.018e-01 2.362e-01 0.000e+00 1.418e-01 8.491e-02 6.038e-02 4.026e-01 3.471e-01 4.003e-01 2.303e-01 5.103e-01 4.351e-01 4.867e-01 3.579e-01 3.284e-01 3.189e-01 2.947e-01 3.926e-01 5.760e-01 3.792e-01 4.848e-01 3.720e-01 
Ovophis_okinavensis                                               5.704e-01 6.234e-01 7.037e-01 5.521e-01 5.243e-01 4.036e-01 6.024e-01 6.370e-01 4.777e-01 5.809e-01 4.545e-01 4.804e-01 5.065e-01 5.770e-01 4.823e-01 4.272e-01 3.692e-01 4.414e-01 1.989e-01 2.469e-01 1.418e-01 0.000e+00 7.140e-02 1.389e-01 4.104e-01 3.900e-01 5.723e-01 3.727e-01 5.311e-01 5.757e-01 5.739e-01 4.166e-01 3.976e-01 4.463e-01 4.137e-01 4.229e-01 5.257e-01 5.597e-01 5.534e-01 3.773e-01 
Gallus_gallus                                                     5.204e-01 5.658e-01 7.290e-01 5.625e-01 4.644e-01 5.341e-01 4.221e-01 5.548e-01 4.827e-01 4.938e-01 5.490e-01 5.534e-01 5.043e-01 5.433e-01 5.368e-01 3.949e-01 3.540e-01 3.527e-01 2.462e-01 2.829e-01 8.491e-02 7.140e-02 0.000e+00 7.021e-02 4.549e-01 4.250e-01 5.390e-01 3.053e-01 5.742e-01 5.325e-01 6.371e-01 4.066e-01 3.601e-01 4.351e-01 3.649e-01 4.435e-01 5.796e-01 4.958e-01 6.012e-01 4.393e-01 
Cordylus_warreni                                                  4.858e-01 4.593e-01 6.035e-01 5.043e-01 3.943e-01 6.106e-01 4.304e-01 4.162e-01 4.756e-01 4.092e-01 4.976e-01 5.238e-01 4.554e-01 4.585e-01 4.664e-01 3.596e-01 3.141e-01 3.314e-01 2.548e-01 2.572e-01 6.038e-02 1.389e-01 7.021e-02 0.000e+00 4.006e-01 3.406e-01 4.504e-01 2.797e-01 4.951e-01 4.165e-01 5.668e-01 4.368e-01 3.753e-01 3.609e-01 2.971e-01 4.424e-01 5.297e-01 4.036e-01 5.161e-01 4.397e-01 
Eunectes_notaeus                                                  2.605e-01 1.842e-01 1.475e-01 1.495e-01 3.413e-01 3.080e-01 4.019e-01 3.383e-01 2.013e-01 1.870e-01 1.182e-01 1.361e-01 1.035e-01 1.440e-01 8.666e-02 1.426e-01 2.161e-01 2.150e-01 2.604e-01 1.049e-01 4.026e-01 4.104e-01 4.549e-01 4.006e-01 0.000e+00 1.197e-01 1.141e-01 1.628e-01 1.464e-01 1.758e-01 1.862e-01 1.455e-01 2.123e-01 1.665e-01 1.922e-01 1.248e-01 1.103e-01 1.239e-01 1.022e-01 8.919e-02 
Shinisaurus_crocodilurus                                          1.553e-01 9.290e-02 1.262e-01 6.311e-02 2.516e-01 1.856e-01 2.871e-01 1.542e-01 1.431e-01 1.876e-01 9.471e-02 1.402e-01 8.695e-02 7.483e-02 6.298e-02 1.105e-01 6.794e-02 2.123e-01 1.259e-01 5.619e-02 3.471e-01 3.900e-01 4.250e-01 3.406e-01 1.197e-01 0.000e+00 1.102e-01 8.818e-02 6.027e-02 1.263e-01 9.576e-02 1.315e-01 1.138e-01 7.052e-02 6.708e-02 6.706e-02 1.010e-01 1.280e-01 1.121e-01 1.141e-01 
Xenopus_laevis                                                    1.549e-01 6.434e-02 6.148e-02 6.120e-02 1.885e-01 3.488e-01 2.294e-01 1.579e-01 1.826e-01 6.215e-02 1.456e-01 1.559e-01 7.594e-02 3.791e-02 7.736e-02 7.816e-02 1.100e-01 1.080e-01 2.547e-01 1.186e-01 4.003e-01 5.723e-01 5.390e-01 4.504e-01 1.141e-01 1.102e-01 0.000e+00 8.822e-02 9.840e-02 6.817e-02 1.213e-01 9.709e-02 1.325e-01 4.168e-02 1.197e-01 8.884e-02 1.624e-01 3.453e-02 6.908e-02 1.177e-01 
Gecko_gecko                                                       1.536e-01 6.930e-02 2.215e-01 1.064e-01 1.305e-01 2.901e-01 1.223e-01 1.234e-01 1.758e-01 1.019e-01 2.087e-01 2.110e-01 1.126e-01 6.580e-02 1.450e-01 1.018e-01 6.353e-02 1.031e-01 1.353e-01 8.310e-02 2.303e-01 3.727e-01 3.053e-01 2.797e-01 1.628e-01 8.818e-02 8.822e-02 0.000e+00 1.672e-01 1.338e-01 1.745e-01 8.004e-02 5.838e-02 8.192e-02 3.694e-02 7.604e-02 2.163e-01 7.414e-02 1.804e-01 1.360e-01 
Anilius                                                           9.419e-02 1.371e-01 6.680e-02 2.124e-02 3.982e-01 2.168e-01 3.190e-01 2.267e-01 9.770e-02 1.793e-01 7.891e-02 9.942e-02 5.884e-02 9.034e-02 7.938e-02 7.976e-02 8.845e-02 2.119e-01 2.103e-01 9.856e-02 5.103e-01 5.311e-01 5.742e-01 4.951e-01 1.464e-01 6.027e-02 9.840e-02 1.672e-01 0.000e+00 1.069e-01 1.381e-01 1.454e-01 1.379e-01 6.544e-02 1.383e-01 6.543e-02 7.299e-02 1.509e-01 5.577e-02 1.162e-01 
Typhlops_mirus                                                    1.101e-01 7.905e-02 8.950e-02 8.900e-02 2.883e-01 4.233e-01 2.393e-01 1.248e-01 1.247e-01 3.556e-02 1.671e-01 1.700e-01 6.634e-02 7.703e-02 1.162e-01 6.414e-02 9.596e-02 8.785e-02 2.296e-01 1.259e-01 4.351e-01 5.757e-01 5.325e-01 4.165e-01 1.758e-01 1.263e-01 6.817e-02 1.338e-01 1.069e-01 0.000e+00 1.867e-01 1.758e-01 1.563e-01 7.569e-02 1.260e-01 1.446e-01 1.511e-01 4.331e-02 8.020e-02 1.691e-01 
Sphenodon_punctatus                                               2.510e-01 1.571e-01 1.119e-01 1.065e-01 2.189e-01 1.693e-01 3.755e-01 2.160e-01 2.050e-01 2.526e-01 9.494e-02 1.387e-01 1.480e-01 1.181e-01 3.414e-02 1.750e-01 1.409e-01 2.490e-01 1.877e-01 1.173e-01 4.867e-01 5.739e-01 6.371e-01 5.668e-01 1.862e-01 9.576e-02 1.213e-01 1.745e-01 1.381e-01 1.867e-01 0.000e+00 1.096e-01 1.964e-01 1.112e-01 1.811e-01 9.354e-02 1.594e-01 1.840e-01 1.170e-01 9.856e-02 
Ophisaurus_attnuatus                                              1.482e-01 1.593e-01 1.805e-01 8.618e-02 2.205e-01 1.547e-01 1.874e-01 2.356e-01 1.178e-01 1.709e-01 1.437e-01 1.333e-01 9.205e-02 1.071e-01 8.196e-02 7.627e-02 9.188e-02 1.138e-01 1.510e-01 6.826e-02 3.579e-01 4.166e-01 4.066e-01 4.368e-01 1.455e-01 1.315e-01 9.709e-02 8.004e-02 1.454e-01 1.758e-01 1.096e-01 0.000e+00 7.846e-02 8.758e-02 1.321e-01 2.537e-02 1.451e-01 1.381e-01 1.434e-01 5.398e-02 
Bos_taurus                                                        1.499e-01 1.391e-01 2.047e-01 8.193e-02 2.025e-01 2.076e-01 1.841e-01 2.328e-01 1.541e-01 1.596e-01 1.880e-01 1.361e-01 1.334e-01 1.353e-01 1.597e-01 6.146e-02 6.067e-02 1.124e-01 1.263e-01 1.059e-01 3.284e-01 3.976e-01 3.601e-01 3.753e-01 2.123e-01 1.138e-01 1.325e-01 5.838e-02 1.379e-01 1.563e-01 1.964e-01 7.846e-02 0.000e+00 9.128e-02 1.192e-01 6.283e-02 2.164e-01 1.401e-01 1.683e-01 1.067e-01 
Rhineura_floridana                                                1.184e-01 1.052e-01 9.352e-02 4.718e-02 2.012e-01 2.568e-01 2.314e-01 1.513e-01 1.320e-01 1.021e-01 1.028e-01 1.241e-01 8.280e-02 6.774e-02 7.582e-02 4.663e-02 3.395e-02 9.739e-02 1.438e-01 6.529e-02 3.189e-01 4.463e-01 4.351e-01 3.609e-01 1.665e-01 7.052e-02 4.168e-02 8.192e-02 6.544e-02 7.569e-02 1.112e-01 8.758e-02 9.128e-02 0.000e+00 1.003e-01 6.559e-02 1.641e-01 8.144e-02 7.562e-02 1.005e-01 
Pantherophis_guttatus                                             1.014e-01 5.732e-02 2.273e-01 1.000e-01 2.300e-01 3.071e-01 1.260e-01 6.336e-02 1.441e-01 1.232e-01 2.192e-01 2.567e-01 9.151e-02 4.670e-02 1.537e-01 1.396e-01 6.320e-02 1.638e-01 1.514e-01 8.880e-02 2.947e-01 4.137e-01 3.649e-01 2.971e-01 1.922e-01 6.708e-02 1.197e-01 3.694e-02 1.383e-01 1.260e-01 1.811e-01 1.321e-01 1.192e-01 1.003e-01 0.000e+00 9.071e-02 1.738e-01 1.066e-01 1.916e-01 1.877e-01 
Acrochordus_granulatus                                            9.730e-02 1.199e-01 1.368e-01 3.010e-02 2.637e-01 1.262e-01 2.054e-01 2.025e-01 7.959e-02 1.660e-01 9.940e-02 9.886e-02 5.445e-02 7.106e-02 6.393e-02 6.568e-02 5.828e-02 1.423e-01 1.300e-01 4.937e-02 3.926e-01 4.229e-01 4.435e-01 4.424e-01 1.248e-01 6.706e-02 8.884e-02 7.604e-02 6.543e-02 1.446e-01 9.354e-02 2.537e-02 6.283e-02 6.559e-02 9.071e-02 0.000e+00 9.252e-02 1.330e-01 9.793e-02 4.912e-02 
Abronia_graminea                                                  1.288e-01 1.843e-01 1.252e-01 9.431e-02 4.856e-01 2.021e-01 3.445e-01 2.628e-01 8.153e-02 2.348e-01 1.235e-01 1.581e-01 5.083e-02 1.281e-01 7.410e-02 1.318e-01 1.761e-01 2.716e-01 2.580e-01 1.081e-01 5.760e-01 5.257e-01 5.796e-01 5.297e-01 1.103e-01 1.010e-01 1.624e-01 2.163e-01 7.299e-02 1.511e-01 1.594e-01 1.451e-01 2.164e-01 1.641e-01 1.738e-01 9.252e-02 0.000e+00 1.868e-01 1.208e-01 1.346e-01 
Xenopeltis_unicolor                                               1.643e-01 4.938e-02 1.201e-01 1.087e-01 1.918e-01 4.338e-01 2.134e-01 1.313e-01 1.801e-01 2.307e-02 1.833e-01 1.900e-01 7.805e-02 5.216e-02 1.192e-01 8.957e-02 1.234e-01 9.079e-02 2.536e-01 1.343e-01 3.792e-01 5.597e-01 4.958e-01 4.036e-01 1.239e-01 1.280e-01 3.453e-02 7.414e-02 1.509e-01 4.331e-02 1.840e-01 1.381e-01 1.401e-01 8.144e-02 1.066e-01 1.330e-01 1.868e-01 0.000e+00 1.052e-01 1.547e-01 
Pogona_vitticepes                                                 1.576e-01 1.587e-01 5.080e-02 6.026e-02 3.340e-01 2.989e-01 3.971e-01 2.725e-01 1.234e-01 1.271e-01 4.384e-02 4.819e-02 6.661e-02 1.084e-01 5.884e-02 7.724e-02 1.198e-01 1.498e-01 2.109e-01 1.031e-01 4.848e-01 5.534e-01 6.012e-01 5.161e-01 1.022e-01 1.121e-01 6.908e-02 1.804e-01 5.577e-02 8.020e-02 1.170e-01 1.434e-01 1.683e-01 7.562e-02 1.916e-01 9.793e-02 1.208e-01 1.052e-01 0.000e+00 6.555e-02 
Bipes_biporus                                                     1.999e-01 2.091e-01 1.439e-01 9.174e-02 2.700e-01 1.577e-01 3.617e-01 3.277e-01 1.209e-01 1.963e-01 4.884e-02 3.230e-02 9.741e-02 1.544e-01 5.259e-02 7.573e-02 1.104e-01 1.385e-01 1.227e-01 5.422e-02 3.720e-01 3.773e-01 4.393e-01 4.397e-01 8.919e-02 1.141e-01 1.177e-01 1.360e-01 1.162e-01 1.691e-01 9.856e-02 5.398e-02 1.067e-01 1.005e-01 1.877e-01 4.912e-02 1.346e-01 1.547e-01 6.555e-02 0.000e+00 
