(Anolis_carolinensis:1.16754464e-02,(Eumeces_egregius:-1.81909926e-03,
((((Boa_constrictor:4.08634414e-02,Pogona_vitticepes:9.93655859e-03):1.88771928e-02,
Anilius:1.70078072e-02):8.69255968e-03,Alligator_mississippiensis:3.35494032e-03):1.34760750e-02,
((((((((Geocalamus_acutus:1.44511499e-01,Sphenodon_punctatus:2.47885012e-02):2.01353475e-02,
Dinodon_semicarinatus:1.08465255e-03):1.03760189e-02,((Leptotyphlops_dulcis:1.30432993e-02,
Chelonia_mydas:2.10467007e-02):1.47022042e-02,Bipes_biporus:8.82279576e-03):1.82052311e-02):1.00741436e-02,
(Eunectes_notaeus:6.38112587e-02,Abronia_graminea:4.64887413e-02):1.89189814e-02):9.99015320e-03,
Cylindrophis_ruffus:2.02573468e-02):1.14850272e-03,Shinisaurus_crocodilurus:3.28502473e-02):1.45472283e-02,
(Ophisaurus_attnuatus:2.99221274e-02,Acrochordus_granulatus:-4.55212740e-03):2.29273030e-02):2.95326767e-03,
((((Diplometopon_zarudnyi:1.76219464e-02,((Teratoscincus_keyserlingii:1.06340276e-01,
Varanus_komodensis:4.61597243e-02):2.38866553e-02,Pantherophis_guttatus:-5.45665527e-03):1.96255536e-02):1.56588306e-02,
Sceloporus_occidentalis:-3.79008057e-03):2.65666188e-02,Xenopus_laevis:2.05608812e-02):1.59791501e-02,
((((((Agkistrodon_piscivorus:1.38433134e-01,(Lacerta_viridis:-9.71846429e-03,
(Python_regius:1.66653472e-02,((Ovophis_okinavensis:3.94300000e-02,
Gallus_gallus:3.19700000e-02):4.24400000e-02,Cordylus_warreni:2.64150000e-02):1.79246528e-02):1.86522214e-01):5.35543655e-02):2.02377495e-02,
Gecko_gecko:-4.75962450e-03):2.96609584e-02,Bos_taurus:2.67681041e-02):1.55311982e-02,
Iguana_iguana:1.25786455e-02):1.34311770e-02,((((Amphisbaena_schmidti:2.52401875e-02,
Xenopeltis_unicolor:-2.17018750e-03):1.63239062e-02,Typhlops_mirus:1.15760938e-02):9.14244226e-03,
Xenagama_unicolor:5.26950577e-02):2.04098816e-02,Tropidophis:5.17886841e-03):1.52188914e-02):3.15084129e-03,
Rhineura_floridana:1.49152964e-02):5.45306053e-03):8.46049103e-03):6.89636612e-03):2.69958000e-02):2.75690993e-02,
Ramphotyphlops_australis:2.92245536e-02);
