K <- 5
V <- 516
M <- 5
N <- 1097

alpha <- c(0.06694208883781846, 0.39275939690731, 0.031832249041053515, 0.4585788900462357, 0.049887375167582335)

beta <- c(0.003514803755806613, 0.00183355823115889, 0.0031473172867411995, 0.002518810777271487, 0.003258955619112062, 0.002608657710060513, 0.004190817906099473, 0.001070249686456128, 0.0025883715895266913, 0.0008350214420029759, 0.0016489361271150946, 0.0013236191977512644, 0.0021952016939092785, 0.0009146696885995192, 0.0010944726023618184, 0.004307247217443889, 0.00285018188743658, 0.0016239645852498326, 0.007115647670091006, 0.0010188764550073206, 0.0025236844063731487, 0.0043931349568270845, 0.0014854390479511366, 0.001636250162463708, 0.0012403826594845327, 0.0025739626478592835, 0.0031243673696388532, 0.0012617431912948188, 0.00031297594242128766, 0.001875446168420403, 0.0007651306198338927, 9.922078193107606e-05, 0.00034346180873001, 0.0021116022661213352, 0.00021673953271574727, 0.0015532167683906379, 0.0017225758524292184, 0.0005555811921482764, 0.0025782058247380683, 0.0014998877823246713, 0.0006363367978355606, 0.0023272383622360043, 0.000937671144484794, 0.0018509649785721386, 0.0013280769093980509, 0.0013058576956587133, 0.003135071644659638, 0.002232872340469673, 0.0009685309532771564, 0.004929940392373143, 0.0014400247882209597, 0.002069267439558178, 0.001435217320567143, 0.0030243480174931914, 0.0017612336022997748, 0.0006895434260766709, 0.0019969954377002286, 0.0013663790815495755, 7.69536297443645e-05, 0.0029638026654007017, 0.0062987308341143225, 0.0007867489456988523, 0.0008513019598258429, 0.0006916980817780533, 0.0006018961361662454, 0.00137623281320997, 0.0012220638545502452, 0.000839130903230501, 0.0007407936266149145, 0.0013483742676111599, 0.000408237306779965, 0.004699213883763266, 0.0004479655446996391, 0.001170468217983983, 0.002645726939119726, 0.001543431775877618, 0.0005464079030832881, 0.0006978909977319358, 0.0029112622283713366, 0.0005393045266352537, 0.0006131169567256065, 0.0011503242593657718, 0.0006279950269707883, 0.00029330454290454454, 0.004786592778078751, 0.006377209500574699, 0.002478356852890056, 0.0028271468856398817, 0.001829277625364821, 0.002898976743424855, 0.0011889446088055445, 0.000391692587134523, 0.0004998994766219312, 4.542781552485594e-05, 0.001385031755946356, 0.003773668550091646, 0.000675648238184777, 0.0010473089596534275, 0.002379363672713643, 0.0012367600186368112, 0.005081986241273252, 0.001703120205148624, 0.00043030089230400645, 0.004369138515343637, 0.002016770610069166, 0.0015150353512489226, 3.452296496438032e-05, 0.00037715221163639305, 3.21402020547186e-05, 0.0006725506976531874, 0.000765580611244067, 0.002060981798155622, 0.0009348421769535572, 0.0006326523212074579, 0.003945885874733258, 0.0013366047167256774, 0.0004483535847518165, 0.0036361952008186183, 0.00043716511909681454, 0.0012955701304333896, 0.00198095840492174, 0.0005433049936270241, 0.002650920241037163, 0.00014649889751863198, 0.0032022594186900716, 0.0028360687818838456, 0.0019507268264814584, 0.00026425960416062613, 0.0033718165779726885, 8.411805840654639e-05, 0.0008324233145747198, 0.0020968286051107543, 0.0008856628664290626, 5.466047201815494e-05, 0.0002477756847096833, 0.0018655702863963099, 0.0035540125948473195, 0.0009376475370686396, 2.761200561559338e-06, 0.0014193258448879386, 0.001544035007097504, 0.0022208943844572097, 0.0006415579265070403, 0.00022179402734884263, 6.555158616745675e-05, 0.0008671068455052746, 0.0037697234177743234, 2.742305055220351e-06, 0.0035971623323708935, 0.0013523323499363533, 0.0005555652872488088, 0.0005673953840223581, 0.003443901785138135, 0.004532644346302899, 0.0018112647843907652, 0.001789488118852779, 0.0010835823065227504, 0.0009497162674588341, 0.003729945537001354, 0.003080776102110504, 0.00027939862335254974, 0.0014241861492159, 0.003532463810382909, 0.00273955420984632, 0.0012876414603964258, 0.00035479676044329394, 3.241963975390524e-05, 0.0011854594395721654, 1.4008490865015949e-06, 0.0029203887781471534, 0.0012543818781449597, 0.006505458960724905, 0.0026093203961450287, 0.0003566144003581037, 0.003703662405502287, 0.0021124533165753074, 0.0017620465828693623, 0.002296977154712119, 0.0049982892575722426, 0.0030496857758558755, 0.0020313482635141615, 0.002307976891735812, 0.0034901046258867374, 9.24559647198279e-05, 0.00030224991089979357, 0.0041171625210485625, 0.0003764383572045644, 4.466364955644303e-05, 0.000862630851399825, 0.000386871479400889, 0.0006022013069165779, 0.0016646963903397107, 0.001404609197694497, 0.001129508160535982, 0.0009892572844391826, 0.0009540319870954728, 0.002390190107152608, 0.005053572887545187, 0.0013633517054571047, 0.0004942507451667873, 0.00024338594476140825, 0.00196083244127287, 0.008505774816987766, 0.007590203112385201, 0.0013501630489180629, 0.007730370212052136, 0.002320410688636733, 0.0003987054610266693, 0.004509916022890953, 0.003651582226796225, 0.0001695760070918234, 0.0030889164863498477, 0.004223646828109097, 0.004930172025171099, 0.0006848380582182887, 0.004089256787701861, 0.003994642636634957, 0.0009379420595759148, 0.00092374147237373, 0.004101440543951493, 0.006372378051296566, 0.0032969222737828877, 0.0033907430051695556, 0.00203402185694245, 0.00318778319874501, 0.0013636577978473228, 0.002411686240058469, 0.0003873619328425639, 0.002089401635856406, 0.0004287850739981091, 0.0016787502764769558, 3.44721815163603e-05, 0.004838803949703968, 0.0005547509003326153, 0.0018780162579123446, 0.0006254655614166529, 0.0038852056051074967, 0.0021182182752170916, 0.0003262414051146652, 0.004314944852720405, 0.004469500221948964, 0.0005946295854753451, 0.0001793534671505321, 0.003942901031778914, 0.0007635256361279471, 0.002208921198468647, 8.734580452594049e-06, 0.00035081955565466485, 0.002272398118240276, 0.00022084948833898105, 7.898638892862694e-05, 0.005638327995633138, 0.0015937745506405005, 0.0034716912316261742, 0.0017836521967151831, 0.0028935158264504364, 0.0005358491988206835, 0.004152228875308956, 0.003566815660719423, 0.00036337284998378484, 0.00048092302151494024, 0.001257083035484725, 0.0025206117933787514, 0.0002285275765299762, 0.0009366457820226999, 0.0018474380857082088, 0.0006769542822740577, 0.003421814765526907, 0.0022327866531363654, 0.001005260641105065, 0.0014485207236274947, 0.0003908324801674122, 0.0012263311869777935, 0.002581284106925621, 0.00048445933513492216, 0.0015506535145498358, 0.0009363263971455485, 0.001307386432828608, 3.8316540213826414e-05, 0.0005877012444004226, 0.0006000912699783594, 0.0014004560109214528, 0.0028850400083844313, 0.00513688724546054, 0.0017602009659891523, 0.00011104633836225685, 1.2680278221505913e-05, 0.00019410406979782343, 0.00018087225326683583, 4.951968952010278e-05, 0.0004694693831252136, 0.001310180638830519, 0.002508716605496074, 0.0007559667348042073, 0.0029771060513202477, 0.002552235379611082, 0.0007509251993651329, 0.0005371459672709917, 0.0025009078729805205, 0.002534560259078136, 0.00041893804728337144, 0.004392530094859617, 0.002067905341883732, 0.0015621132315311811, 0.0005528653982494463, 0.0019286268254143032, 0.003596350345564502, 0.0002754830538211287, 0.0019126936727631842, 0.003934789942012282, 2.7632194379675583e-05, 0.001128120419067544, 0.00389232511455033, 0.0019360624738151168, 0.00853881961354111, 0.005701218870262656, 0.0022675263414499857, 0.0016008382588354267, 0.0009822887919542862, 0.0012674325398094866, 3.540901937615419e-05, 0.004060512611754801, 0.003201020490981832, 8.050311179253149e-05, 0.0001982054331635523, 0.000485151919359143, 0.002655154469138292, 0.0005432180701948447, 0.007733158625022327, 0.00039202687882633063, 0.0009518068961683454, 0.0029037632299391265, 0.001895574174263845, 0.0038115893318724516, 0.0001059539321822026, 0.0007025044806503036, 0.00037851376617868427, 0.00019304972218297603, 0.0004676317618123643, 1.887130653787829e-05, 0.0034428305844977462, 0.002218068333998189, 0.002171778992416774, 0.00015978404845440946, 0.002780764829881847, 